roll_offset: 3.1012493591580874
pitch_offset: 0.04997661682826027
yaw_offset: -1.7112385530785252
manual_roll_adjustment: 0.0
manual_pitch_adjustment: 0.0
manual_yaw_adjustment: 0.0
azimuth_offset: 0.0
elevation_offset: 0.0
x_offset: -0.04149456267629778
y_offset: 0.09535512651263886
z_offset: -0.014740720235044481
flip_x: false
flip_y: false
image_width: 11520
image_height: 5760
use_fisheye: false
skip_rate: 5
