roll_offset: 3.1345628100228518
pitch_offset: 0.019680186249752207
yaw_offset: -1.597044642823549
manual_roll_adjustment: 0.0
manual_pitch_adjustment: 0.0
manual_yaw_adjustment: 0.0
azimuth_offset: 0.0
elevation_offset: 0.0
x_offset: -0.0034086470232603566
y_offset: 0.17169231068325344
z_offset: -0.047680100880063636
flip_x: false
flip_y: false
image_width: 11520
image_height: 5760
use_fisheye: false
skip_rate: 5
