roll_offset: 3.0763728286814764
pitch_offset: 0.014386746420642638
yaw_offset: -1.5924347413771536
manual_roll_adjustment: 0.0
manual_pitch_adjustment: 0.0
manual_yaw_adjustment: 0.0
azimuth_offset: 0.0
elevation_offset: 0.0
x_offset: -0.0017239940000373347
y_offset: 0.16796052601808367
z_offset: -0.0452343182072864
flip_x: false
flip_y: false
image_width: 11520
image_height: 5760
use_fisheye: false
skip_rate: 5
