roll_offset: 3.104853020923372
pitch_offset: 0.051273938577798495
yaw_offset: -1.7072213054166454
manual_roll_adjustment: 0.0
manual_pitch_adjustment: 0.0
manual_yaw_adjustment: 0.0
azimuth_offset: 0.0
elevation_offset: 0.0
x_offset: -0.05758637898432294
y_offset: 0.08787509636896394
z_offset: -0.013342633226944338
flip_x: false
flip_y: false
image_width: 5760
image_height: 2880
use_fisheye: false
skip_rate: 5
