roll_offset: 3.1046949668005825
pitch_offset: 0.05128939685537448
yaw_offset: -1.7071322519845853
manual_roll_adjustment: 0.0
manual_pitch_adjustment: 0.0
manual_yaw_adjustment: 0.0
azimuth_offset: 0.0
elevation_offset: 0.0
x_offset: -0.057103269459074214
y_offset: 0.08782031253086016
z_offset: -0.013350591727230176
flip_x: false
flip_y: false
image_width: 5760
image_height: 2880
use_fisheye: false
skip_rate: 5
