roll_offset: 3.0676252805392235
pitch_offset: 0.03444839246857545
yaw_offset: -1.7086715534680568
manual_roll_adjustment: 0.0
manual_pitch_adjustment: 0.0
manual_yaw_adjustment: 0.0
azimuth_offset: 0.0
elevation_offset: 0.0
x_offset: -0.005297233285493039
y_offset: 0.15060034580530143
z_offset: -0.037660826978338884
flip_x: false
flip_y: false
image_width: 5760
image_height: 2880
use_fisheye: false
skip_rate: 5
