roll_offset: 3.080991427483791
pitch_offset: 0.05036014316078874
yaw_offset: -1.4334249483742583
manual_roll_adjustment: 0.0
manual_pitch_adjustment: 0.0
manual_yaw_adjustment: 0.0
azimuth_offset: 0.0
elevation_offset: 0.0
x_offset: 0.05328643384835148
y_offset: 0.08768327224462624
z_offset: -0.02306905373475758
flip_x: false
flip_y: false
image_width: 7680
image_height: 3840
use_fisheye: false
skip_rate: 5
