roll_offset: 3.059954573099942
pitch_offset: 0.018277696380037733
yaw_offset: -1.589487595259264
manual_roll_adjustment: 0.0
manual_pitch_adjustment: 0.0
manual_yaw_adjustment: 0.0
azimuth_offset: 0.0
elevation_offset: 0.0
x_offset: 0.07632787585031114
y_offset: 0.07511872233189967
z_offset: -0.017475781052715172
flip_x: false
flip_y: false
image_width: 7680
image_height: 3840
use_fisheye: false
skip_rate: 5
