roll_offset: 3.135613983531229
pitch_offset: 0.03684904304026859
yaw_offset: -1.5578028147476122
manual_roll_adjustment: 0.0
manual_pitch_adjustment: 0.0
manual_yaw_adjustment: 0.0
azimuth_offset: 0.0
elevation_offset: 0.0
x_offset: -0.0019983232502111484
y_offset: 0.15426126450100044
z_offset: -0.04834721067040187
flip_x: false
flip_y: false
image_width: 7680
image_height: 3840
use_fisheye: false
skip_rate: 5
