roll_offset: -3.1294765065121934
pitch_offset: 0.03997513844283662
yaw_offset: -1.6098898744028436
manual_roll_adjustment: 0.0
manual_pitch_adjustment: 0.0
manual_yaw_adjustment: 0.0
azimuth_offset: 0.0
elevation_offset: 0.0
x_offset: 0.14394947069926983
y_offset: 0.03518247306223747
z_offset: 0.17451509719614977
flip_x: false
flip_y: false
image_width: 3840
image_height: 1920
use_fisheye: false
skip_rate: 5
