roll_offset: 3.1074520149288376
pitch_offset: 0.03025395699091904
yaw_offset: -1.6096116718826878
manual_roll_adjustment: 0.0
manual_pitch_adjustment: 0.0
manual_yaw_adjustment: 0.0
azimuth_offset: 0.0
elevation_offset: 0.0
x_offset: 0.15314562222691977
y_offset: 0.007200417361815034
z_offset: 0.07284122642016298
flip_x: false
flip_y: false
image_width: 2560
image_height: 1280
use_fisheye: false
skip_rate: 5
