roll_offset: 3.101758709629648
pitch_offset: -0.000634740779066334
yaw_offset: -1.609962058690265
manual_roll_adjustment: 0.0
manual_pitch_adjustment: 0.0
manual_yaw_adjustment: 0.0
azimuth_offset: 0.0
elevation_offset: 0.0
x_offset: 0.036139894749261846
y_offset: 0.13712509339254894
z_offset: 0.15813355063138437
flip_x: false
flip_y: false
image_width: 3840
image_height: 1920
use_fisheye: false
skip_rate: 5
