roll_offset: 3.0995437931144143
pitch_offset: 0.005659425069405977
yaw_offset: -1.6105539977476488
manual_roll_adjustment: 0.0
manual_pitch_adjustment: 0.0
manual_yaw_adjustment: 0.0
azimuth_offset: 0.0
elevation_offset: 0.0
x_offset: 0.03745387384134133
y_offset: 0.13391852255594716
z_offset: 0.15342764666757935
flip_x: false
flip_y: false
image_width: 3840
image_height: 1920
use_fisheye: false
skip_rate: 5
