roll_offset: 3.1082066752179482
pitch_offset: -0.004153510719582476
yaw_offset: -1.609716732490047
manual_roll_adjustment: 0.0
manual_pitch_adjustment: 0.0
manual_yaw_adjustment: 0.0
azimuth_offset: 0.0
elevation_offset: 0.0
x_offset: 0.03647093226335349
y_offset: 0.14865402128144126
z_offset: 0.16355075510065428
flip_x: false
flip_y: false
image_width: 3840
image_height: 1920
use_fisheye: false
skip_rate: 5
