roll_offset: -3.1376060015387583
pitch_offset: 0.02371956599814129
yaw_offset: -1.6088497117564566
manual_roll_adjustment: 0.0
manual_pitch_adjustment: 0.0
manual_yaw_adjustment: 0.0
azimuth_offset: 0.0
elevation_offset: 0.0
x_offset: 0.14533197482555432
y_offset: 0.01643588672203934
z_offset: 0.18813869786266096
flip_x: false
flip_y: false
image_width: 3840
image_height: 1920
use_fisheye: false
skip_rate: 5
