roll_offset: -3.138331452604057
pitch_offset: 0.022250495514467117
yaw_offset: -1.6108454209148237
manual_roll_adjustment: 0.0
manual_pitch_adjustment: 0.0
manual_yaw_adjustment: 0.0
azimuth_offset: 0.0
elevation_offset: 0.0
x_offset: 0.13974487713998307
y_offset: 0.01733691544383774
z_offset: 0.16328879461554824
flip_x: false
flip_y: false
image_width: 2560
image_height: 1280
use_fisheye: false
skip_rate: 5
