roll_offset: 3.111823684392698
pitch_offset: -0.04820224102724069
yaw_offset: -1.6088051429066295
manual_roll_adjustment: 0.0
manual_pitch_adjustment: 0.0
manual_yaw_adjustment: 0.0
azimuth_offset: 0.0
elevation_offset: 0.0
x_offset: 0.14763194395461118
y_offset: 0.018967603469974777
z_offset: 0.08434658892015204
flip_x: false
flip_y: false
image_width: 2560
image_height: 1280
use_fisheye: false
skip_rate: 5
