roll_offset: -3.122015026789701
pitch_offset: 0.007915573718805913
yaw_offset: -1.5813316489241376
manual_roll_adjustment: 0.0
manual_pitch_adjustment: 0.0
manual_yaw_adjustment: 0.0
azimuth_offset: 0.0
elevation_offset: 0.0
x_offset: 0.005801827034910799
y_offset: 0.14950166829471043
z_offset: -0.05317893631986571
flip_x: false
flip_y: false
image_width: 5760
image_height: 2880
use_fisheye: false
skip_rate: 1
