roll_offset: -3.121564335572285
pitch_offset: 0.035177196976401426
yaw_offset: -1.6110055690383218
manual_roll_adjustment: 0.0
manual_pitch_adjustment: 0.0
manual_yaw_adjustment: 0.0
azimuth_offset: 0.0
elevation_offset: 0.0
x_offset: 0.14184156197893383
y_offset: 0.028312478434204993
z_offset: 0.1540109297686473
flip_x: false
flip_y: false
image_width: 3840
image_height: 1920
use_fisheye: false
skip_rate: 5
