roll_offset: 3.1302217315842067
pitch_offset: 0.04035056040208751
yaw_offset: -1.613499149114253
manual_roll_adjustment: 0.0
manual_pitch_adjustment: 0.0
manual_yaw_adjustment: 0.0
azimuth_offset: 0.0
elevation_offset: 0.0
x_offset: 0.12498635970523272
y_offset: 0.025812395983307083
z_offset: 0.17214725990353036
flip_x: false
flip_y: false
image_width: 3840
image_height: 1920
use_fisheye: false
skip_rate: 5
