roll_offset: -3.1346330407257827
pitch_offset: 0.034864059860597596
yaw_offset: -1.6121393759315072
manual_roll_adjustment: 0.0
manual_pitch_adjustment: 0.0
manual_yaw_adjustment: 0.0
azimuth_offset: 0.0
elevation_offset: 0.0
x_offset: 0.14466207424307861
y_offset: 0.028079833767181248
z_offset: 0.16983754131846915
flip_x: false
flip_y: false
image_width: 2560
image_height: 1280
use_fisheye: false
skip_rate: 5
