roll_offset: 3.059954573099942
pitch_offset: 0.018277696380037733
yaw_offset: -1.764020520458697
manual_roll_adjustment: 0.0
manual_pitch_adjustment: 0.0
manual_yaw_adjustment: 0.0
azimuth_offset: 0.0
elevation_offset: 0.0
x_offset: -0.060896843651046695
y_offset: 0.08966739452467033
z_offset: -0.00505002896002538
flip_x: false
flip_y: false
image_width: 5760
image_height: 2880
use_fisheye: false
skip_rate: 5
