roll_offset: 3.104853020923372
pitch_offset: 0.051273938577798495
yaw_offset: -1.7351465734485547
manual_roll_adjustment: 0.0
manual_pitch_adjustment: 0.0
manual_yaw_adjustment: 0.0
azimuth_offset: 0.0
elevation_offset: 0.0
x_offset: -0.06269513478126172
y_offset: 0.08739165774764177
z_offset: 0.0067006142165078955
flip_x: false
flip_y: false
image_width: 5760
image_height: 2880
use_fisheye: false
skip_rate: 5
